+------------------------------------------------------------------------------------------------------------------------------------------------------------------------------------------------------------------------------------------------------------------+
; Legal Partition Candidates                                                                                                                                                                                                                                       ;
+-------------------------------------------------------------+-------+----------------+--------------+----------------+--------+-----------------+---------------+-----------------+-------+----------------+--------------+------------------+-------------------+
; Hierarchy                                                   ; Input ; Constant Input ; Unused Input ; Floating Input ; Output ; Constant Output ; Unused Output ; Floating Output ; Bidir ; Constant Bidir ; Unused Bidir ; Input only Bidir ; Output only Bidir ;
+-------------------------------------------------------------+-------+----------------+--------------+----------------+--------+-----------------+---------------+-----------------+-------+----------------+--------------+------------------+-------------------+
; xbar                                                        ; 207   ; 0              ; 0            ; 0              ; 285    ; 0               ; 0             ; 0               ; 0     ; 0              ; 0            ; 0                ; 0                 ;
; IP_VGA_Main_6367E892C4E74E548BDF4DBD747EC45F_controller     ; 155   ; 8              ; 12           ; 8              ; 151    ; 8               ; 8             ; 8               ; 0     ; 0              ; 0            ; 0                ; 0                 ;
; mem_m10k_931897D0B4814B10A0108CB4D8FD8FD7_controller        ; 155   ; 8              ; 12           ; 8              ; 151    ; 8               ; 8             ; 8               ; 0     ; 0              ; 0            ; 0                ; 0                 ;
; IP_VGA_Main_6367E892C4E74E548BDF4DBD747EC45F|pll            ; 2     ; 2              ; 0            ; 2              ; 2      ; 2               ; 2             ; 2               ; 0     ; 0              ; 0            ; 0                ; 0                 ;
; IP_VGA_Main_6367E892C4E74E548BDF4DBD747EC45F                ; 109   ; 0              ; 10           ; 0              ; 63     ; 0               ; 0             ; 0               ; 0     ; 0              ; 0            ; 0                ; 0                 ;
; mem_m10k_931897D0B4814B10A0108CB4D8FD8FD7                   ; 108   ; 0              ; 40           ; 0              ; 34     ; 0               ; 0             ; 0               ; 0     ; 0              ; 0            ; 0                ; 0                 ;
; picorv32_axi_7CB48A78B25546A8AC109ED58AE32A4A|picorv32_core ; 102   ; 32             ; 67           ; 32             ; 237    ; 32              ; 32            ; 32              ; 0     ; 0              ; 0            ; 0                ; 0                 ;
; picorv32_axi_7CB48A78B25546A8AC109ED58AE32A4A|axi_adapter   ; 115   ; 13             ; 6            ; 13             ; 154    ; 13              ; 13            ; 13              ; 0     ; 0              ; 0            ; 0                ; 0                 ;
; picorv32_axi_7CB48A78B25546A8AC109ED58AE32A4A               ; 112   ; 233            ; 0            ; 233            ; 288    ; 233             ; 233           ; 233             ; 0     ; 0              ; 0            ; 0                ; 0                 ;
; IP_VGA_Main_6367E892C4E74E548BDF4DBD747EC45F_if1            ; 0     ; 0              ; 0            ; 0              ; 0      ; 0               ; 0             ; 0               ; 30    ; 0              ; 30           ; 0                ; 30                ;
; IP_VGA_Main_6367E892C4E74E548BDF4DBD747EC45F_if0            ; 0     ; 0              ; 0            ; 0              ; 0      ; 0               ; 0             ; 0               ; 142   ; 0              ; 142          ; 0                ; 142               ;
; IP_VGA_Main_6367E892C4E74E548BDF4DBD747EC45F_AXI_if0        ; 0     ; 0              ; 0            ; 0              ; 0      ; 0               ; 0             ; 0               ; 164   ; 0              ; 164          ; 0                ; 164               ;
; mem_m10k_931897D0B4814B10A0108CB4D8FD8FD7_if0               ; 0     ; 0              ; 0            ; 0              ; 0      ; 0               ; 0             ; 0               ; 142   ; 0              ; 142          ; 0                ; 142               ;
; mem_m10k_931897D0B4814B10A0108CB4D8FD8FD7_AXI_if0           ; 0     ; 0              ; 0            ; 0              ; 0      ; 0               ; 0             ; 0               ; 164   ; 0              ; 164          ; 0                ; 164               ;
; M_IF                                                        ; 0     ; 0              ; 0            ; 0              ; 0      ; 0               ; 0             ; 0               ; 164   ; 0              ; 164          ; 0                ; 164               ;
+-------------------------------------------------------------+-------+----------------+--------------+----------------+--------+-----------------+---------------+-----------------+-------+----------------+--------------+------------------+-------------------+
